"country" "country_code" "continent" "population" "year_week" "weekly_count_cases" "rate_14_day_cases" "cumulative_count_cases" "weekly_count_deaths" "rate_14_day_deaths" "cumulative_count_deaths" "NKE - Open" "NKE - High" "NKE - Low" "NKE - Close" "NKE - Adj.Close" "NKE - Volume" "AAPL - Open" "AAPL - High" "AAPL - Low" "AAPL - Close" "AAPL - Adj.Close" "AAPL - Volume" "HNNMY - Open" "HNNMY - High" "HNNMY - Low" "HNNMY - Close" "HNNMY - Adj.Close" "HNNMY - Volume" "KO - Open" "KO - High" "KO - Low" "KO - Close" "KO - Adj.Close" "KO - Volume" "SBUX - Open" "SBUX - High" "SBUX - Low" "SBUX - Close" "SBUX - Adj.Close" "SBUX - Volume" "PEP - Open" "PEP - High" "PEP - Low" "PEP - Close" "PEP - Adj.Close" "PEP - Volume"
"United States" "USA" "America" 331002647 "2019-27" 0 0 0 0 0 0 85.3550015 86.23750125 84.915001 85.8475 84.425604 6057050 50.70062575 51.07125075 50.47499925 50.8075 49.95695675 72815700 166.8880004 167.9799988 165.0360014 166.5599976 162.3878204 3058584.4 51.6849995 52.03250025 51.4524995 51.94749925 49.08580075 9928900 85.7250005 86.5649985 85.352499 86.41000175 83.568876 6923150 132.487499 133.129997 131.685005 132.82749925 126.28056125 3248325
"United States" "USA" "America" 331002647 "2019-28" 0 0 0 0 0 0 87.7059996 88.7740006 87.3180008 88.274002 86.8119184 5488100 50.3809996 50.7514992 50.1345 50.4770004 49.63199 81280560 169.5040008 171.2880004 168.975998 169.8679992 165.6129608 2685387.2 51.9920006 52.1240012 51.7099998 51.914 49.0541464 9084960 88.05 88.6500002 87.7219984 88.3779998 85.4721558 5765460 133.3420014 134.0839996 132.1179992 133.2680024 126.6993544 5730920
"United States" "USA" "America" 331002647 "2019-29" 0 0 0 0 0 0 88.4679992 88.7820006 87.662001 87.9140012 86.4578764 5053500 51.1259994 51.4724998 50.8415 51.0655008 50.2106432 69913280 168.903998 169.8599976 167.4719972 168.5479982 164.3260256 1924573.8 52.1279998 52.268 51.745999 51.9739996 49.1108412 8708020 90.3820024 90.8699996 89.8320006 90.4580018 87.4837692 6712820 133.476001 134.0140014 131.9200012 132.7399994 126.1973786 3984660
"United States" "USA" "America" 331002647 "2019-30" 0 0 0 0 0 0 86.8220002 87.3279982 86.3459992 86.837999 85.3997012 5417340 51.8074998 52.2129996 51.5969994 51.9745002 51.1044212 69722560 169.0440002 170.5119992 167.9679962 169.0880006 164.8524996 1977083.8 53.172 53.8179998 52.6839996 53.314 50.3770218 18345780 91.9119998 92.912001 90.9160002 92.354001 89.3174316 9517340 130.1780028 131.0399994 129.152002 130.0880034 123.676091 4228640
"United States" "USA" "America" 331002647 "2019-31" 0 0 0 0 0 0 85.8699998 86.6119998 84.5160004 85.0220002 83.6137848 6079980 52.6534998 53.3314996 51.7710006 52.197499 51.3236876 175816400 169.1399994 171.2920014 167.3640014 169.3400024 165.0981902 2506360.4 53.2659988 53.6079994 52.6860002 52.940001 50.023629 13981200 96.440001 97.4980012 95.3220002 96.05 92.8919052 8613780 129.8759994 130.5679994 128.1839968 128.975998 122.618892 5086320
"United States" "USA" "America" 331002647 "2019-32" 0 0 0 0 0 0 80.9919998 82.05 80.1399994 81.3060012 79.959332 7020380 49.5605002 50.1284996 48.9559996 49.6899992 48.8957098 138569120 166.130001 168.63499825 165.45000075 167.1049995 162.919174 2670134.25 52.7059996 53.2979996 52.1420006 52.8419998 49.9310262 15577300 94.9600006 96.0359986 94.172 95.3659988 92.4413832 7080440 127.468004 128.795999 125.4419982 127.340001 121.063536 5046400
"United States" "USA" "America" 331002647 "2019-33" 0 0 0 0 0 0 80.9679992 81.9300004 80.2460004 81.1580004 79.8137818 6057600 50.5770006 51.6465006 50.286499 51.022 50.3584778 128876480 168.7359984 170.9999972 166.3839996 168.2800018 164.06474 3039431.4 53.3860002 53.9020006 53.2020006 53.5940004 50.6416006 11788120 95.6000002 96.5619982 94.7680008 95.701999 92.906157 6966100 129.4660004 130.7200012 128.9300002 129.975998 123.5696108 4069700
"United States" "USA" "America" 331002647 "2019-34" 0 0 0 0 0 0 81.936 82.5779996 80.887999 81.6299988 80.2779586 6690920 52.8555 53.3110002 52.1850008 52.4225008 51.7407684 113524000 175.3279998 178.6 174.8639984 176.848004 172.4181244 3703669.8 54.369999 54.6439994 53.8979992 54.1800004 51.195316 10325540 96.5699996 97.026001 95.5259992 95.9599992 93.1566226 6019460 132.3960022 133.174002 131.269998 131.9800018 125.4748352 3184420
"United States" "USA" "America" 331002647 "2019-35" 0 0 0 0 0 0 83.1779998 84.161998 82.6080002 83.5279998 82.1874604 4527900 51.8240006 52.0615006 51.2885002 51.6965004 51.0242074 87991680 183.5679992 186.4840026 181.8999968 184.7920014 180.1631286 4265338 54.7559998 55.040001 54.3939994 54.8920006 51.8680952 10163960 96.8599988 97.4039992 96.0399996 96.7839982 93.956543 5403000 134.2480012 135.6 133.7659974 135.2880004 128.6197938 4380500
"United States" "USA" "America" 331002647 "2019-36" 0 0 0 0 0 0 86.31500075 87.232502 86.10499975 87.032499 85.812088 5116425 52.55437475 52.8031245 52.2225 52.58937475 51.905469 82487100 186.9359984 188.520001 184.4600006 187.3040008 182.6122072 2671206.8 55.37999925 55.61499975 54.98999875 55.3549995 52.3055895 11620000 95.7975005 96.709999 94.9400005 96.0449985 93.23913375 6898475 137.4725 138.267498 136.175003 137.489998 131.1622125 3559425
"United States" "USA" "America" 331002647 "2019-37" 0 0 0 0 0 0 87.9020002 88.4179992 86.8200012 87.4479996 86.221762 5186060 54.5785004 55.2070002 54.0195008 54.8149994 54.1021474 140293520 190.2960022 191.6559968 188.1039978 190.047998 185.2874694 3303759.8 54.6259996 54.8840004 54.246 54.6120002 51.6784902 11287500 92.8200014 93.3459992 90.9479998 91.6060012 88.9298204 8251060 136.046002 137.0439942 135.4819978 136.4699982 130.6401278 4279460
"United States" "USA" "America" 331002647 "2019-38" 0 0 0 0 0 0 87.5819994 88.214 86.9059996 87.4639984 86.2375382 4672920 55.107 55.5060006 54.6979996 55.1029998 54.3864054 113832400 187.0040008 188.8959992 185.7080018 187.2279968 182.5381042 3437612.8 54.2639992 54.5239998 53.8880006 54.1720002 51.5620096 11798320 90.6539994 91.4899994 89.8899996 90.551999 87.9066088 6620100 135.5140016 136.0819978 134.5100008 135.254001 129.476068 3818060
"United States" "USA" "America" 331002647 "2019-39" 0 0 0 0 0 0 90.136 90.9619996 89.112001 90.0319992 88.7695298 11430480 54.9534996 55.2865006 54.4044998 54.807 54.0942556 93156160 187.9959992 189.9839968 186.7680022 188.5439972 183.8211366 2475638.2 54.3260002 54.5340006 54.0100006 54.2619992 51.6476686 8959560 90.5999998 90.9980014 89.15 89.85 87.2251176 5194620 135.7060028 136.0860016 134.7459994 135.4420012 129.6560366 3918700
"United States" "USA" "America" 331002647 "2019-40" 0 0 0 0 0 0 92.3319992 93.2319992 91.4819992 92.5959992 91.2975784 6622740 55.6549994 56.2415006 55.0969992 55.7675004 55.0422638 126897360 191.1320006 193.5560026 187.067999 189.9440002 185.1860748 6235121.8 54.078 54.4839998 53.5540002 54.1100008 51.502996 12305340 86.4380006 86.8680008 85.3160006 85.9679992 83.4565308 7004780 137.2339994 138.65 135.9139982 137.323999 131.4576356 5436220
"United States" "USA" "America" 331002647 "2019-41" 0 0 0 0 0 0 92.5720002 93.55 92.182001 92.8639984 91.5618164 5804460 57 57.6929992 56.7709998 57.2394996 56.4951226 117741120 199.0440002 201.55 196.9959994 200.602002 195.5771026 4218894 53.894001 54.0160006 53.4640008 53.6480004 51.0632546 8865280 85.9000002 86.3960008 85.4199996 85.786 83.2798428 4901500 137.8899994 138.6359986 137.122 137.792001 131.9056518 3273180
"United States" "USA" "America" 331002647 "2019-42" 0 0 0 0 0 0 94.7339982 95.5839994 94.402002 95.2419982 93.9064772 4689680 58.716999 59.2374996 58.5279998 58.8625002 58.0970158 84541920 204.6099976 207.349997 203.8 205.9 200.7423918 3222450.8 53.814 54.0879996 53.530001 53.7739998 51.1831826 11727620 86.6519988 87.1059998 85.9780016 86.4199998 83.8953262 4453080 137.1600004 137.545999 136.3620026 136.6820008 130.8430694 2901140
"United States" "USA" "America" 331002647 "2019-43" 0 0 0 0 0 0 94.364 94.7880022 92.9599992 93.3119994 92.0035388 8564500 60.4225008 60.8980002 60.1425002 60.6904998 59.9012436 77624400 206.1199952 207.5400024 204.1100006 206.2299988 201.0641234 2121883.2 54.3720002 54.604 53.918 54.2159996 51.6038858 10340540 84.3100006 84.6199998 83.1779998 83.6219984 81.179062 5518260 137.0159974 137.524002 136.3199984 136.9519988 131.101535 2642720
"United States" "USA" "America" 331002647 "2019-44" 0 0 0 0 0 0 90.3079986 90.6860002 89.317999 89.8100004 88.5506442 7898500 61.8964996 62.4699998 60.8460008 62.0089998 61.202597 130844320 204.45 205.0899994 202.4699982 203.7599976 198.6559938 2066706.2 53.8480002 54.1740006 53.4979986 53.8500002 51.2555224 9871640 84.878 85.3679992 83.242 83.9379988 81.4858338 9150220 136.7180024 137.5659972 136.0600006 136.7299988 130.8890198 3192760
"United States" "USA" "America" 331002647 "2019-45" 0 0 0 0 0 0 90.3339996 90.5139982 89.3319994 89.8860002 88.6255798 6490020 64.428998 64.7160008 64.1015 64.5720002 63.8092476 84792160 199.3480012 200.0799988 196.606 197.3799988 192.4358092 3779335.2 52.9439994 53.0579992 52.3099998 52.5719992 50.0390952 13791060 82.5940002 83.0160002 81.6439988 82.1939988 79.7927796 7193420 134.7660004 135.1420044 133.3140014 134.0120026 128.2871368 3418300
"United States" "USA" "America" 331002647 "2019-46" 0 0 0 0 0 0 90.6080002 91.8399994 90.2220002 91.0300004 89.7535352 5194260 65.4204986 66.0350006 65.2690018 65.8515014 65.1902616 92266720 187.8560028 188.7600006 185.347998 186.8840026 186.8840026 3610980.2 52.318 52.4159996 52.0099998 52.2519996 49.7345122 10151160 83.3020002 84.0520004 82.9100008 83.6559996 81.5380218 6921120 133.1200014 133.4220002 132.2199982 132.9599976 127.2800584 2886180
"United States" "USA" "America" 331002647 "2019-47" 0 0 0 0 0 0 93.4100008 94.0860016 92.5479998 93.2680008 91.960156 5505380 66.2759994 66.434999 65.6020004 66.0185014 65.3555832 91165040 182.6879976 184.0320008 181.0559998 182.4080018 182.4080018 3397499.2 53 53.3360002 52.8159988 53.064 50.5073888 11080240 83.5919998 84.0619996 82.8440018 83.3199998 81.2902114 6614040 134.0619966 134.9380006 133.498001 134.0700042 128.3426516 3218520
"United States" "USA" "America" 331002647 "2019-48" 0 0 0 0 0 0 93.75749975 94.147499 93.1624985 93.46500025 92.2145175 4471575 66.3643745 66.84875125 66.0143735 66.609375 65.9405215 75270300 183.3680022 185.3079988 182.4559998 183.9919982 183.9919982 2897452.8 53.55500025 53.789999 53.2025 53.6175015 51.12913775 10250200 84.51250075 85.29750075 84.1499995 84.87749875 82.80976875 6115325 135.177498 135.897499 134.41749975 135.31750125 129.536854 3503575
"United States" "USA" "America" 331002647 "2019-49" 0 0 0 0 0 0 94.3639984 94.7759996 93.6160002 94.5059998 93.4239336 5446720 65.8960006 66.3990006 65.5225006 66.0819994 65.4184432 91319840 186.9920014 189.751999 186.0359984 187.9119996 187.9119996 3785055.6 53.8699996 54.1380004 53.5940002 54.0899994 51.8685242 12641540 85.0019988 85.664 84.3379992 85.1119998 83.038556 6417300 136.223999 136.9819976 134.9820004 136.4680024 131.005249 3932640
"United States" "USA" "America" 331002647 "2019-50" 0 0 0 0 0 0 97.0860002 97.8019988 96.6500018 97.2619994 96.1483762 5016440 67.3324998 67.9914994 66.8759994 67.6389998 66.9598098 113623520 192.6 193.8920014 190.0800016 192.2399964 192.2399964 3593515.4 54.0459992 54.346 53.8379998 54.0699996 51.8493462 11213140 87.0179994 87.7300002 86.5680008 87.1579986 85.0347152 7405520 137.1079988 137.8679962 136.4860014 137.1300018 132.191394 3444440
"United States" "USA" "America" 331002647 "2019-51" 0 0 0 0 0 0 99.8439986 100.5939988 99.0339996 100.0280002 98.8827058 10490020 69.9050004 70.4144986 69.6205002 69.9734986 69.270868 146544000 192.2440002 194.0679994 190.3279998 193.0160004 193.0160004 3277328.2 54.52 54.740001 54.1879996 54.4079994 52.1734666 14223780 88.6040008 88.9419996 87.8380004 88.375998 86.2230424 8031060 136.9360016 137.4260038 135.7180024 136.7179992 131.794223 5903260
"United States" "USA" "America" 331002647 "2019-52" 0 0 0 0 0 0 100.35000025 100.97250175 100.102501 100.61499975 99.462984 4674000 71.3225005 72.06812675 71.006876 71.74874875 71.02829175 96609500 192.5899965 193.4899975 191.6500015 192.9800035 192.9800035 1620521 54.93249875 55.17750075 54.8175 54.99749925 52.73875425 6446025 88.415001 88.66749925 87.91500075 88.23999975 86.090355 3626125 137.130001 137.607502 136.46000275 137.03999675 132.104637 2425550
"United States" "USA" "America" 331002647 "2020-01" 0 0 0 0 0 0 101.0175 101.80249975 100.574999 101.557499 100.3946915 4223675 73.298748 74.2218745 72.9018745 73.93437375 73.191967 131680800 191.686666 193.279998666667 189.70667 191.153330666667 191.153330666667 2052767 55.00500025 55.2975005 54.72249975 55.07499975 52.81307225 9409125 88.05750275 88.65999775 87.62999925 88.385 86.231823 5029775 136.43000025 137.31249625 135.69499975 136.232502 131.32622525 3509575
"United States" "USA" "America" 331002647 "2020-02" 0 0 0 0 0 0 101.5799988 102.2119994 100.936 101.5080018 100.345761 5283460 75.4315004 76.4199996 75.0920014 76.067 75.30318 134018320 191.1399995 193.19499975 187.795002 190.119995 190.119995 3678842.25 54.7700006 55.0959998 54.622001 54.827999 52.576214 12757260 89.012001 89.5680008 88.4159988 89.1119996 86.941115 7152440 135.2440002 135.7100036 134.4279998 134.8359956 129.980008 4107760
"United States" "USA" "America" 331002647 "2020-03" 0 0 0 0 0 0 102.6019988 103.609999 102.367999 103.154001 101.9729156 5772600 78.502501 79.229001 77.9979994 78.7474992 77.9567628 130411120 184.7439972 186.0720002 183.423999 184.603998 184.603998 3111426.4 56.2979996 56.7200008 56.132 56.5180002 54.1968064 14576400 91.5460006 92.3160004 91.301999 91.9620012 89.7216874 6305220 137.4639984 138.8520018 137.126001 138.6899996 133.6952088 5235220
"United States" "USA" "America" 331002647 "2020-04" 5 0.001510562 5 0 0 0 104.21749875 104.64250175 103.12750075 103.529999 102.34460825 5207075 79.62125025 80.11874775 79.1549985 79.48812675 78.68995475 115921300 185.8439972 187.9480012 185.2079956 186.6199982 186.6199982 2402696 57.33249925 57.652499 57.11250025 57.57250025 55.20800125 11572925 92.97249975 93.83249825 91.68499925 92.70999925 90.45146 6792025 142.33499925 143.4225005 141.71999725 142.9524995 137.80421075 4128325
"United States" "USA" "America" 331002647 "2020-05" 6 0.003323236 11 0 0 0 99.3499986 100.2520004 97.9979996 98.9960006 97.862523 7172740 79.4290008 80.2394988 78.274501 79.2180008 78.42254 173346960 194.9160004 198.6480012 193.3299988 196.6200012 196.6200012 6971279.4 57.7120002 58.1839996 57.3340004 57.7519998 55.3801292 16134900 87.414 87.931999 86.0160002 86.944 84.8259276 12917280 142.3820008 143.4679994 141.4140014 142.4320006 137.3024506 3775680
"United States" "USA" "America" 331002647 "2020-06" 1 0.002114787 12 0 0 0 100.6760012 101.5199998 99.6980012 100.1799988 99.032965 6431840 79.4034988 80.3255004 78.6530012 79.7100008 78.9471972 130507680 209.7 210.6 206.7800018 207.7600036 207.7600036 3218744.8 58.8520006 59.2320008 58.6739996 58.8900002 56.4713914 11454880 86.9 87.8619996 85.9580004 86.9039994 85.023471 9209540 143.7099976 144.548001 143.0540008 143.9459992 138.7619264 3537380
"United States" "USA" "America" 331002647 "2020-07" 3 0.00120845 15 0 0 0 101.214 102.3139998 100.6020002 101.9899996 100.8222412 5370680 80.4089998 81.2434996 80.0115008 80.9089996 80.28665 98452720 203.3 204.9100006 201.1779998 203.8 203.8 4120459.6 59.5060006 59.8639998 59.3519998 59.6620004 57.2116836 8546780 88.136 89.174002 87.631999 88.564 86.809175 6879820 146.128 146.7600006 144.9620024 146.2560028 140.9887394 4092100
"United States" "USA" "America" 331002647 "2020-08" 20 0.006948585 35 0 0 0 102.53000075 102.86999875 101.05500025 101.8099995 100.64429875 5823800 79.788124 80.58875075 78.9574985 79.74812325 79.13470625 119158800 203.6100036 205.249997 202.1400024 203.45 203.45 2834646.8 59.62749925 59.9800005 59.36500075 59.78750025 57.33202825 8695250 89.147501 89.6375005 88.08000175 88.83250025 87.0723535 5567325 145.8899995 146.3499985 144.9124985 145.53500375 140.29369725 3748800
"United States" "USA" "America" 331002647 "2020-09" 54 0.022356317 89 2 0.006042248 2 92.2 94.2020006 90.7020006 91.7480012 90.7465364 11333220 71.1550018 73.45 69.5595002 71.2894972 70.7411422 279682800 187.6240022 188.8799988 181.1560028 183.7600006 183.7600006 6465042.4 57.3540012 57.8499998 56.0260004 56.4980004 54.177629 22162840 81.4299988 82.864 79.9300002 80.8199996 79.2186144 12900020 141.1080016 142.4339996 137.7900026 138.823999 133.824385 8307940
"United States" "USA" "America" 331002647 "2020-10" 465 0.156796329 554 19 0.063443601 21 90.8080002 92.6020002 89.0279998 91.2680008 90.4733248 11392300 72.9955002 74.9604996 71.4645004 73.6410004 73.0745576 258760160 175.603998 177.5079986 170.872 173.3280028 173.3280028 5738585.2 55.9679992 57.3059998 55.1839998 56.5799994 54.2562622 22725260 78.1740006 79.768001 76.1960008 78.4359982 76.8818514 13655920 135.15 139.948001 134.1179992 138.1820008 133.563983 7640500
"United States" "USA" "America" 331002647 "2020-11" 3220 1.113284148 3774 48 0.2024153 69 81.8020002 83.2919984 78.1259994 81.2380006 80.5306582 17119000 66.9555026 69.7835006 65.2589988 67.6569998 67.1365884 323367920 149.2399964 154.8960022 143.5960024 146.8359986 146.8359986 9003378 51.1339994 51.9040008 49.4179994 50.6720002 48.6724298 28723980 68.914001 72.0439988 66.496 69.2040008 67.8327788 19180020 127.1179992 130.6100004 122.2659974 127.3679992 123.6100126 9851200
"United States" "USA" "America" 331002647 "2020-12" 31432 10.46879846 35206 402 1.359505744 471 67.226001 72.2800004 63.424 68.4919982 67.8956376 17307340 61.1899994 63.5679984 59.3064994 60.7880006 60.3204224 324052720 115.2400008 119.7199996 107.5020002 113.423999 113.423999 9841163.2 43.8340014 45.4520006 41.3359992 43.4839994 42.0638076 37933540 58.8519996 62.0520006 54.6400002 58.6680002 57.5055406 26151620 118.3799986 123.987999 111.9279984 116.5999982 113.1597184 12542620
"United States" "USA" "America" 331002647 "2020-13" 107819 42.06945209 143025 2038 7.371542258 2509 74.5359986 79.1259996 72.0600006 76.3340018 75.6693582 18995380 60.7230002 62.4494996 59.2310006 61.1475006 60.6771604 276838000 122.6919998 126.428 117.687999 123.7959992 123.7959992 8344757.8 41.422 42.6080002 39.972001 41.144001 39.8002334 39541200 64.0120004 66.4140008 61.9120004 64.6959984 63.4140982 23223440 111.9899994 118.0220018 110.7700014 114.4479994 111.0712158 11017720
"United States" "USA" "America" 331002647 "2020-14" 194610 91.36754728 337635 7138 27.72183269 9647 81.3959992 82.8520002 79.5000018 81.2699996 80.562381 10309940 61.7990006 62.8789992 60.8199994 61.8174994 61.3420044 167402160 124.676001 126.4779998 118.5899994 120.4820006 120.4820006 11019118.8 43.2780008 44.65 42.8140006 43.8300004 42.398509 20517060 65.3919998 66.95 63.0560008 64.8539994 63.5689682 16008280 120.8460006 124.8779998 119.1260008 122.4300002 118.8177096 6523060
"United States" "USA" "America" 331002647 "2020-15" 219936 125.2394818 557571 12461 59.21100685 22108 85.5 86.7675 83.50250075 85.22000125 84.4779835 9037725 65.821249 67.015625 64.64437675 65.9974995 65.489851 183929800 131.124998 137.1625005 128.449997 133.67499925 133.67499925 7549406.5 47.24249925 48.357499 46.46249975 47.499999 45.9486435 20558500 69.654999 71.74999975 67.8550015 70.48749925 69.090847 15499350 130.7750015 133.8950005 129.0549985 131.9700015 128.076229 6309900
"United States" "USA" "America" 331002647 "2020-16" 202116 127.5071374 759687 18574 93.7605795 40682 86.2100006 87.2839982 85.248001 86.6360016 85.8816606 7402780 70.1389998 71.1715012 69.1859986 70.7109986 70.16709 165909440 136.88750075 138.72500225 132.6000005 134.27499775 134.27499775 5823219.5 47.9399994 48.4879996 46.9939994 47.7239996 46.1653314 18346500 73.790001 74.4520002 72.008 73.7180006 72.257335 11792300 135.3499998 136.902002 132.8480012 135.5019988 131.5040146 5053460
"United States" "USA" "America" 331002647 "2020-17" 206223 123.3642703 965910 14194 98.99618718 54876 87.8460004 88.8860016 86.787999 87.5179994 86.7559798 6019780 69.0455002 70.0794996 68.3175004 68.9699998 68.4394866 135877440 131.3100006 132.300003 127.9999968 129.3299988 129.3299988 3818451.2 46.2340004 46.5800004 45.2319998 45.618 44.1281126 18896520 75.4100008 76.5399994 73.9440002 75.2440004 73.7530976 11071960 132.9779996 134.5900022 131.399997 132.5459992 128.6352296 4406060
"United States" "USA" "America" 331002647 "2020-18" 192131 120.3476781 1158041 12806 81.57034466 67682 88.3199996 89.2160004 87.0179994 87.7920014 87.027597 7400900 71.390999 72.6785004 70.8120028 71.6175004 71.0666246 158010800 132.550001 137.2125015 130.737501 134.97500225 134.97500225 4802974.25 46.7580002 47.246 46.014 46.4259994 44.9097216 17458740 77.0520004 77.9839996 75.7240004 76.762001 75.2410202 14407620 134.3 135.053998 132.2779998 133.3140014 129.3805756 5732240
"United States" "USA" "America" 331002647 "2020-19" 171758 109.9353746 1329799 11846 74.4767458 79528 87.7560014 88.7800002 87.147998 88.0819992 87.3150634 6013600 74.6775008 75.6725008 74.2955002 75.261 74.7237532 134583200 129.6600006 131.5400024 126.919998 128.9600006 128.9600006 6025136.6 45.2620014 45.7340004 44.7700004 45.2 43.7237642 15652280 74.4739992 75.3020004 73.2280014 74.3240006 73.0217974 12784200 131.6020018 132.8140016 130.672003 131.8299988 127.940366 4550920
"United States" "USA" "America" 331002647 "2020-20" 156958 99.30917562 1486757 10034 66.10219042 89562 87.7219986 88.9279998 86.2959992 87.75 86.9859558 6779360 77.1470002 78.5190002 76.154999 77.5660002 77.1777236 166829520 127.090001 128.6699998 123.3999986 125.1999984 125.1999984 5588819.6 44.6679992 45.0979996 44.054 44.2519998 42.8067266 17946800 74.442 75.7180006 73.2759994 74.438002 73.3754058 10101700 133.5699984 135.654001 132.0839966 133.8620026 129.9124114 7706920
"United States" "USA" "America" 331002647 "2020-21" 156481 94.69380467 1643238 8158 54.96028556 97720 92.3679976 93.6619996 91.823999 92.7020004 91.8948396 6586900 78.9654998 79.7330002 78.5535004 79.1535022 78.7572784 106619760 127.95000075 130.87499625 125.76249875 129.5374985 129.5374985 4558716 45.2660004 45.658 44.6160004 45.1199996 43.6463776 18492000 77.3980012 77.9979994 76.5779984 77.1040024 76.0033492 8230760 132.8819978 133.5 131.1159974 131.8399996 127.9500562 6329840
"United States" "USA" "America" 331002647 "2020-22" 146953 91.67117023 1790191 6663 44.77607697 104383 98.095001 99.34 97.0200005 98.38250175 97.58682425 8173800 79.72875025 80.47124875 78.855625 79.439375 79.04172125 131406500 137.2299988 140.75 135.8900024 139.399997 139.399997 5912421 46.97499925 47.1674995 46.26499925 46.6475 45.12399025 27007800 78.96000075 79.3999995 77.54000075 78.22249975 77.10587875 8776975 131.22000125 131.965 129.602501 131.0999985 127.231905 7394525
"United States" "USA" "America" 331002647 "2020-23" 152172 90.36936795 1942363 6131 38.65225887 110514 101.3480012 102.7600006 100.086 101.6759996 101.042125 7620080 80.5450014 81.468001 80.1224992 81.2065004 80.7999986 99547200 153.1399994 158.0100036 151.6199982 156.7799988 156.7799988 6674583.4 47.514 48.078 47.222 47.7600008 46.2001556 16376720 78.7440004 79.8720002 78.0600006 79.3119996 78.1798296 9419620 132.096002 133.8239992 131.172 132.2900052 128.7830366 5420660
"United States" "USA" "America" 331002647 "2020-24" 151706 91.80530813 2094069 5218 34.28673487 115732 101.0100006 101.6020006 99.2939986 100.1279998 99.5037796 7027760 85.2160002 86.6419982 83.7560012 85.249498 84.822757 162365360 157.250003 159.75 152.4199982 153.9100006 153.9100006 6897389.4 48.4620002 48.5999998 47.4379996 47.7219992 46.2435424 20044020 79.2660004 80.076001 77.6199998 78.778 77.6534516 16573040 131.9720002 133.1699982 130.070001 131.2300018 128.3466156 6942060
"United States" "USA" "America" 331002647 "2020-25" 186843 102.2798467 2280912 4243 28.58285299 119975 98.562001 99.8119994 96.7359998 98.0639984 97.4526474 6560320 87.2955002 88.2145002 86.1379988 87.4054994 86.967967 155988080 146.487503 148.24999625 143.375 145.8125 145.8125 6122652.25 46.5959998 47.2060006 45.8379998 46.5320006 45.421192 17374800 76.9820008 77.862001 75.5660002 76.7219986 75.6267976 10693220 131.7379974 133.002002 129.998001 131.5939974 128.702608 5143140
"United States" "USA" "America" 331002647 "2020-26" 268084 137.4390822 2548996 5829 30.42875968 125804 99.334001 100.8139998 97.437999 99.3160004 98.6968444 11695740 90.2725006 91.5475006 89.1264982 90.1964996 89.7449966 176600640 143.4199982 145.9900024 139.8299988 141.8200012 141.8200012 5522698.8 45.3579994 45.574 44.6 44.9060006 43.8340096 17793620 74.5960008 74.9640002 72.8819992 73.9899994 72.9338014 10974840 130.7019988 131.9219972 129.1439974 130.4619998 127.595482 4734740
"United States" "USA" "America" 331002647 "2020-27" 339639 183.6006466 2888635 4143 30.1266473 129947 96.744999 98.170002 96.1174985 97.437502 96.8300515 7444600 90.3937495 91.6237505 89.92687625 90.92499725 90.46985025 123912000 137.1100036 139.6100006 135.1399994 137.6899994 137.6899994 5758210.2 44.61750025 45.09000025 44.2749995 44.6850005 43.618284 17678025 73.50750175 74.28999875 72.722498 73.71999925 72.667652 8317850 132.01999675 133.0024985 131.1899985 132.137501 129.234165 3800700
"United States" "USA" "America" 331002647 "2020-28" 416307 228.380651 3304942 5258 28.40158556 135205 98.3780014 99.1040024 97.0020004 98.1679978 97.5559952 5446360 94.4259994 95.2544998 93.7985002 94.7300004 94.2558028 112814400 139.8299988 140.8900024 137.9800018 138.9399994 138.9399994 4374336 44.8419996 45.2499998 44.3140008 44.9140002 43.8418176 14751140 74.172 74.798001 73.2320008 74.3380004 73.276834 7847800 132.9559998 134.417999 132.129999 133.652005 130.7153964 4476460
"United States" "USA" "America" 331002647 "2020-29" 468318 267.2561709 3773260 5329 31.98463848 140534 97.4880006 98.1380018 96.4320008 97.0600006 96.4549056 5208060 96.9289992 98.201999 95.473999 96.622 96.13833 143720160 137.9899994 139.0699982 136 137.4799988 137.4799988 4863263 45.8939994 46.4819994 45.5799996 46.0980006 44.9975548 16945860 74.0699998 74.6619994 73.0319992 73.9080018 72.8529694 8256580 135.0839996 136.126001 133.7140014 134.5320038 131.5760588 5661100
"United States" "USA" "America" 331002647 "2020-30" 460760 280.6859729 4234020 6401 35.43778307 146935 97.4139998 98.7759994 96.9080002 97.930002 97.3194824 5189060 96.0535004 97.1544996 94.1125 95.6179992 95.1393538 133081760 135.7 136.8399994 134.3900054 135.649997 135.649997 3963169 47.8080008 48.1420006 47.1819992 47.7140002 46.5749756 20856500 75.5239992 76.4840012 74.806 75.7559998 74.6745928 8430820 135.55 136.6320008 134.1059966 135.3379978 132.3643462 4177880
"United States" "USA" "America" 331002647 "2020-31" 433935 270.2984427 4667955 7925 43.28062065 154860 96.7399992 97.6600022 96.2900024 96.9759996 96.3714262 4899440 95.7800002 97.4795014 95.0065004 97.110501 96.6243866 169527120 135.8399994 137.75 133.65 135.7100006 135.7100006 4461895.2 47.9539992 48.4579994 47.6059998 47.9220002 46.7780098 15420880 76.523999 77.022 75.5760012 76.3379988 75.2482788 9924080 137.078 138.2539978 136.1319976 137.6660004 134.6412018 3539180
"United States" "USA" "America" 331002647 "2020-32" 376909 244.9660168 5044864 8078 48.34704539 162938 98.9160004 100.3160004 98.2740006 99.7820008 99.1599396 5969120 110.064 112.1815002 109.0535004 110.736 110.2215484 200737840 138.3399994 139.8300018 136.5100006 138.3299988 138.3299988 4610027.2 46.8920006 47.4200006 46.6139998 47.0979996 45.9736802 11766200 75.5760008 75.9859984 75.1360014 75.5720002 74.6556366 8217580 136.798001 137.2579956 135.6860014 136.6040008 133.60253 2936340
"United States" "USA" "America" 331002647 "2020-33" 358405 222.1474682 5403269 7114 45.89691393 170052 105.2920012 106.764 104.2599992 105.740001 105.080794 6012180 112.8654998 114.115001 111.275499 113.0060012 112.6430498 188379600 146.7399994 149.3600006 144.6899994 147.2800018 147.2800018 5479017.8 48.2839994 48.6079998 47.914 48.1820006 47.0318054 11588460 78.2279984 79.1820004 77.8679978 78.604001 77.903424 6075260 136.7680022 137.9579988 135.9100006 136.9119996 133.9037628 3126600
"United States" "USA" "America" 331002647 "2020-34" 299342 198.7135166 5702611 6754 41.89694592 176806 107.2419998 108.3399994 106.608 107.7560012 107.0842222 5483220 116.2819992 118.5020004 115.7125002 117.7045 117.3264574 167139040 141.2900024 142.299997 139.3900024 140.5100006 140.5100006 3504781.2 47.85 48.1459998 47.4880004 47.7259986 46.586689 12469040 78.1800002 78.5259996 77.4100004 77.9719986 77.2770554 5633460 137.3660004 138.0199982 136.2140014 137.1320008 134.118936 3148380
"United States" "USA" "America" 331002647 "2020-35" 294552 179.4227343 5997163 6263 39.3259695 183069 111.3839996 112.3659988 110.6699998 111.6 110.9537032 5030760 126.5459992 126.9770004 124.0964982 125.4044998 125.0017276 212727600 142.3099976 143.9199982 140.8900024 142.5100006 142.5100006 3660615 48.0379996 48.5759994 47.8060006 48.4200006 47.2641226 10912320 81.3459992 82.7779998 80.9699996 82.4440018 81.7091996 9972860 137.706003 138.9220004 136.8680024 138.3499998 135.3101684 3861920
"United States" "USA" "America" 331002647 "2020-36" 279258 173.3551092 6276421 5872 36.66133824 188941 113.7919998 115.096001 111.936 113.7559996 113.2972486 5526240 128.9819994 131.2639984 122.9839996 127.2919952 126.883162 233699720 138.4700012 140.5100006 136.5299958 137.2100006 137.2100006 5098865.6 50.1620004 50.8779998 49.5839996 50.2719996 49.071911 20148540 86.305998 87.3919998 85.1100006 86.3240004 85.5546142 9467060 140.3040038 141.9339996 138.3839996 140.1339966 137.4461762 4729480
"United States" "USA" "America" 331002647 "2020-37" 243558 157.9491901 6519979 5138 33.26257388 194079 114.2425005 116.8824995 113.44750025 115.102501 114.63831925 6224000 116.535 118.465 112.6100005 113.9074995 113.54165475 192860450 141.7100006 143.8400024 140.6599976 142.6299988 142.6299988 4119993.2 50.3199995 50.92 49.73999975 50.26500025 49.06507975 16685200 85.48749925 86.8325005 84.47749925 85.35499975 84.5942535 8166775 136.40750125 137.755005 134.47999975 135.80749925 133.778633 4661550
"United States" "USA" "America" 331002647 "2020-38" 284835 159.6340708 6804814 5430 31.92723713 199509 117.8559982 119.3120024 117.1600006 117.6319994 117.1576186 7640240 113.6800018 114.7679992 110.65 112.0419982 111.6821442 188917400 156.2200012 158.5700012 154.0199982 155.9700012 155.9700012 9094390.8 50.7780006 51.1700006 50.46 50.7099998 49.9001422 15241540 86.9580002 87.8599992 86.1039992 86.883998 86.1096236 7708820 135.278 136.1360014 133.5380006 134.3879974 132.3803376 4774540
"United States" "USA" "America" 331002647 "2020-39" 310232 179.7771122 7115046 5247 32.25653963 204756 121.272 122.7860002 119.0839996 121.266002 120.7769624 16396980 108.4880004 111.5700012 106.3399994 109.9020006 109.5490174 169442520 150.5100036 151.7100036 147.2800018 148.3100006 148.3100006 4792562 49.0000002 49.567999 48.278 48.8760002 48.095433 15412420 83.2899994 84.4139998 82.3779998 83.6339996 82.888591 5786300 131.2799986 132.6320008 130.0179994 131.9040008 129.9334472 4631240
"United States" "USA" "America" 331002647 "2020-40" 302799 185.2042591 7417845 5038 31.07225907 209794 125.5359998 127.020001 124.3819992 125.8979994 125.3902802 7429880 114.7760008 116.1960008 113.604001 114.9339982 114.5648544 128112440 156.1799988 159.5299988 154.5200012 157.4700012 157.4700012 6470005.8 49.2339994 49.6260002 48.8159994 49.2219994 48.4359054 14117120 86.1179994 86.8459992 85.2759978 86.0199998 85.2533266 6603620 138.2820006 139.6140014 136.6779998 138.5180024 136.4486418 6098560
"United States" "USA" "America" 331002647 "2020-41" 344699 195.6171668 7762544 4977 30.25655562 214771 128.9399978 130.2940002 128.1619982 129.2620014 128.7407136 5305560 115.1520006 116.344002 113.8879988 115.3360016 114.9655642 109715020 163.5699982 164.6899994 161.5600006 162.7600036 162.7600036 3664624.8 49.6759992 50.1619996 49.4080002 49.8300002 49.0341974 10878680 88.4000002 89.376001 87.8860016 88.6940002 87.9034928 6258340 137.6059998 138.4220032 136.5099948 137.3859986 135.3335478 4013900
"United States" "USA" "America" 331002647 "2020-42" 392051 222.5813016 8154595 4903 29.8487039 219674 128.9520004 130.020001 127.578 128.6640016 128.1451264 4643100 121.265999 123.2699996 119.1020008 121.2839996 120.8944596 176314520 158.2600006 158.9399994 155.6099976 156.7899994 156.7899994 3455197.6 50.254001 50.6980004 49.9100008 50.2900002 49.4868486 11973240 89.7520004 90.2099988 88.873999 89.52 88.7221298 5225580 141.9600006 143.2780028 141.0140016 142.2699982 140.1445862 4496840
"United States" "USA" "America" 331002647 "2020-43" 481570 263.9317262 8636165 5556 31.59793462 225230 129.0400024 130.3839998 128.1459992 129.0720014 128.5514832 4158500 117.333998 118.5400008 115.3219986 116.2300018 115.856697 103913920 156.6399994 159.0600006 155.1199982 157.4299988 157.4299988 2994046.6 50.409999 50.782 49.9740004 50.2120002 49.4100954 13419800 88.7159988 89.7580002 88.1460006 88.9080002 88.115584 5310960 140.4079986 140.9919984 139.1619996 139.632001 137.5459962 2840320
"United States" "USA" "America" 331002647 "2020-44" 571197 318.053952 9207362 5766 34.20516453 230996 125.8119998 126.6720016 123.1140016 124.2759996 123.7748244 5953020 113.5960008 115.636 111.6879988 113.4059998 113.041765 136893420 147.3200012 148.8599976 144.0399994 146.2900024 146.2900024 4651669.2 48.9380004 49.31 48.2399994 48.7480002 47.9694754 15929720 88.6160004 89.5859984 87.3339998 88.4280014 87.6398666 9672680 136.2299988 137.2300018 134.5240022 135.7259978 133.698346 4035660
"United States" "USA" "America" 331002647 "2020-45" 764289 403.4668641 9971651 6576 37.28671088 237572 126.1620026 127.7699998 125.272003 126.5839964 126.0735136 4037420 113.8360002 115.3159988 112.2800002 114.3759994 114.0494704 121914360 147.649997 150.6100006 145.7600006 149.9800018 149.9800018 3756788 49.3620002 49.864 48.9820008 49.205999 48.4201606 13023860 88.8120012 90.0959994 88.0099992 89.0840012 88.2900146 7824100 137.828 139.3140014 136.504001 137.2959992 135.2448976 3506280
"United States" "USA" "America" 331002647 "2020-46" 1065410 552.7747336 11037061 8642 45.97546315 246214 129.666002 130.5420012 126.9320006 127.8479996 127.3324158 6066320 118.460002 119.8819976 116.612001 118.05 117.8738588 117915580 167.25 174.2899964 164.8700012 170.6 170.6 7449596.4 53.0599998 53.709999 52.6700006 53.3180002 52.4664908 21604180 94.842 95.8199998 93.8319992 94.7859986 94.294554 9514300 141.974002 143.992001 140.4 142.523999 140.3947874 4187220
"United States" "USA" "America" 331002647 "2020-47" 1209848 687.3836269 12246909 10568 58.03578967 256782 131.6460022 132.5080018 129.97 131.7680026 131.2366088 5530560 118.6619994 119.8619982 117.842 118.7399992 118.562831 77898680 171.3299988 174.7900024 169.9600006 173.5400024 173.5400024 4075981 53.5180002 53.7739998 52.682 53.1879996 52.3385672 15453980 97.4579986 98.2759996 96.9099994 97.812001 97.397351 6599020 144.2580016 145.4540008 143.4880004 144.224002 142.069394 3678160
"United States" "USA" "America" 331002647 "2020-48" 1136412 708.8342106 13383321 10091 62.41339816 266873 134.90750125 135.702503 133.5649985 134.65499875 134.111969 5328600 115.80250175 116.92749975 114.43249875 115.40999775 115.237795 91256000 182.9700012 185.5699982 181.4700012 183.5600006 183.5600006 3921336.6 53.06750025 53.307499 52.65500075 52.8825005 52.0379465 11428400 98.027502 98.5250015 97.51000025 98.01000025 97.594511 4329975 143.892498 144.552498 143.1450005 143.95250325 141.80194875 2947475
"United States" "USA" "America" 331002647 "2020-49" 1373677 758.328981 14756998 15437 77.12325032 282310 135.5380036 136.6919982 134.5499998 135.974002 135.4806276 5378920 121.223999 122.890001 120.287999 122.0080016 121.8259568 108761840 183.8600006 185.8799988 182.6100006 185.1100006 185.1100006 3485066.8 52.1620004 52.692 51.8340004 52.4759994 52.0428262 22505460 99.2159988 100.1060012 98.6919998 99.6280002 99.2056504 5352400 144.452002 145.828003 143.6280028 145.0440002 143.2845918 4337900
"United States" "USA" "America" 331002647 "2020-50" 1499756 868.0997044 16256754 16867 97.5943857 299177 138.296002 139.4300016 137.2380004 138.3299988 138.0493348 4913820 122.828 124.426001 121.4080002 123.1119996 122.9283048 90455740 186.9299988 187.7 184.55 185.9899994 185.9899994 3897613.6 53.2539994 53.5819992 52.8500002 53.1800002 52.7410156 12588100 102.4480026 103.373999 101.1760008 102.2820008 101.8484008 6851560 145.2479982 146.0420014 144.2039978 145.244 144.0934298 3728720
"United States" "USA" "America" 331002647 "2020-51" 1588085 932.8750172 17844839 18493 106.8269403 317670 139.2859984 140.1620022 137.3660004 138.3579986 138.0772766 9702560 126.4419998 127.6600006 125.2779984 126.565999 126.3771498 124373340 178.9299958 181.1900024 176.3100006 177.95 177.95 4347238.2 53.4840004 53.8819998 53.0979996 53.4360006 52.994902 20464700 103.8100006 104.504001 103.0619996 103.451999 103.0134402 6302580 145.0739992 146.1020018 144.5039978 145.3059998 144.1549376 4868880
"United States" "USA" "America" 331002647 "2020-52" 1306812 874.5842446 19151651 15656 103.1683593 333326 142.8825035 144.3025015 141.5999985 142.4575005 142.1684645 6915225 130.02750225 132.1525005 128.744999 130.76000225 130.564896 108327550 170.233337333333 171.716669666667 168.683334333333 171.033335333333 171.033335333333 2443338 52.8650005 53.2799995 52.5824995 53.0225 52.584814 8730475 101.982502 102.84250075 101.38999925 102.3550015 101.921093 4311275 144.73000325 145.34250275 143.79000075 144.7225 143.57606125 2532250
"United States" "USA" "America" 331002647 "2020-53" 1488563 844.5174156 20640214 18264 102.4765219 351590 142.307499 142.5949975 140.62499625 141.76250075 141.4748725 3328975 135.425003 136.71499975 133.2424965 134.4925 134.291828 110275550 172.7249985 175.1749955 171.4000015 173.2750015 173.2750015 2322505 54.19999975 54.6225005 54.01249975 54.3925 53.94350625 8494700 104.94999875 105.9799995 104.54500025 105.72999925 105.281784 4264125 147.10249725 148.2050055 146.50749575 147.48500075 146.31668075 2495475
"United States" "USA" "America" 331002647 "2021-01" 1782792 988.3168699 22423006 22852 124.2165293 374442 142.2900024 144.1320036 140.8700012 142.9960022 142.7058716 5124380 130.1839996 132.1320038 127.9319978 129.9979996 129.8040312 122158240 173.3125 175.95000075 171.8375015 174.2874985 174.2874985 3007167.25 51.7380004 52.1319998 50.7219994 51.2999998 50.8765334 33511820 104.3839998 105.5240004 102.8440002 103.9499996 103.5093306 5941460 143.6059998 144.8219972 141.847998 143.7099976 142.5715818 5048280
"United States" "USA" "America" 331002647 "2021-02" 1515282 996.3890108 23938288 23169 139.0351419 397611 144.3100008 145.2720032 142.4839998 143.4320006 143.1409882 4355880 129.2059998 130.5059996 127.9220002 128.9440002 128.7516068 96605820 177.200003 179.7899994 175.7799988 177.7199982 177.7199982 2843000.6 49.992 50.1900002 49.482 49.6800006 49.2699068 23076760 103.322 104.044 102.1979982 102.8919998 102.4558118 4689260 141.9419984 142.9180022 140.748001 141.8519958 140.7282958 4489620
"United States" "USA" "America" 331002647 "2021-03" 1358783 868.2906394 25297071 23518 141.0472104 421129 141.2175025 142.53000275 139.7150005 140.7575035 140.4719125 4839100 131.63000125 135.180004 131.02500125 133.95000075 133.7501335 107516425 183.3099976 185.4699982 181.8200012 183.7799988 183.7799988 2586991.6 48.71750075 48.9725 48.375001 48.65750025 48.255846 21834450 103.7075025 104.85249875 102.762497 104.1225015 103.681099 5832100 140.80249775 141.17249675 139.58250025 140.39749925 139.2853205 4969225
"United States" "USA" "America" 331002647 "2021-04" 1024054 719.8845754 26321125 22226 138.1982906 443355 135.0559998 136.2579988 132.674002 134.396002 134.1233184 6507440 141.0900024 142.4840024 137.0459992 139.4380006 139.22995 143329560 182.9199982 186.4799988 177.1200042 181.3699982 181.3699982 6134574.4 48.787999 49.2360002 48.360001 48.7800006 48.3773354 17385480 100.9920012 101.851999 99.231999 100.1940004 99.769252 9482560 139.3639988 140.8 137.729999 139.1559996 138.0536528 5404680
"United States" "USA" "America" 331002647 "2021-05" 687440 517.0635388 27008565 20127 127.9536595 463482 138.6039978 140.5180024 137.6539978 139.9340028 139.6500886 5372400 135.778 136.4559998 133.9199984 135.444 135.282718 87826640 179.8800018 182.2700042 178.3899994 180.3600006 180.3600006 3145570 48.8959998 49.1959992 48.6800002 48.9739998 48.5697332 14195460 100.7479996 103.3060014 100.479999 102.2740006 101.840434 6611260 138.0839996 139.6639986 137.4100006 138.804001 137.7044494 3935020
"United States" "USA" "America" 331002647 "2021-06" 685603 414.8132991 27694168 22843 129.817693 486325 143.4619996 144.100003 141.8419984 142.6639984 142.3745392 4264900 135.875998 136.750003 134.5260008 135.7619996 135.7619996 69060340 180.7199982 181.9 178.5399994 179.9100006 179.9100006 2082238.4 50.1199996 50.4419996 49.768 50.041999 49.628917 18089560 106.2119996 106.4860016 105.0479994 105.902002 105.4530548 3873580 139.3100006 139.578 136.7079986 137.3079986 136.2202944 5489080
"United States" "USA" "America" 331002647 "2021-07" 495991 356.9741846 28190159 11364 103.3435844 497689 143.26999675 144.704998 140.98750325 143.202503 142.91195675 5820825 131.54500175 132.23500075 129.61750025 130.9025 130.9025 90755075 184.6700012 188.2199982 184.1200012 186.600003 186.600003 3039221.4 50.3925 50.72250075 50.01249975 50.3200005 49.904625 14150900 104.62999925 105.6674975 103.870001 104.732502 104.62000275 4722375 134.4249995 135.17499925 133.364998 134.1800005 133.11707325 4470800
"United States" "USA" "America" 331002647 "2021-08" 415502 275.3733265 28605661 15402 80.86340168 513091 137.225998 138.256003 133.9359988 135.7539978 135.533252 7606860 124.795999 126.659999 121.5919996 123.8919998 123.8919998 137149760 193.2799988 198.45 192.1800018 196.2100006 196.2100006 3558917.6 50.3819998 50.85 49.8339996 50.2080002 49.793548 16576020 103.128 105.2179992 101.8139998 103.8119996 103.8119996 8829940 131.6920012 132.4379972 130.326001 131.2100004 130.1706024 6206500
